Current	VoltageA (50mV/1000A)	uV-0.022	-1.345
-0.023	-1.376
-0.021	-1.327
-0.023	-1.333
-0.023	-1.339
-0.023	-1.337
-0.021	-1.346
-0.023	-1.318
-0.022	-1.320
-0.022	-1.319
-0.021	-1.322
-0.023	-1.328
-0.023	-1.338
-0.023	-1.344
-0.023	-1.362
-0.023	-1.352
-0.023	-1.337
-0.022	-1.355
-0.023	-1.319
-0.023	-1.312
-0.023	-1.317
-0.023	-1.305
-0.023	-1.315
-0.023	-1.334
-0.022	-1.350
-0.022	-1.347
-0.022	-1.304
-0.023	-1.322
-0.023	-1.342
-0.023	-1.359
-0.023	-1.354
-0.023	-1.330
-0.022	-1.354
-0.022	-1.336
-0.023	-1.349
-0.022	-1.337
-0.022	-1.339
-0.022	-1.329
-0.023	-1.347
-0.022	-1.340
-0.023	-1.359
-0.023	-1.339
-0.022	-1.348
-0.022	-1.363
-0.022	-1.356
-0.023	-1.361
-0.023	-1.359
-0.022	-1.360
-0.022	-1.360
-0.022	-1.361
-0.022	-1.357
-0.022	-1.346
-0.022	-1.346
-0.022	-1.351
-0.022	-1.355
0.054	0.874
0.356	-0.449
0.505	-0.544
0.640	-0.614
0.825	-0.494
0.944	-0.628
1.059	-0.782
1.167	-0.726
1.274	-0.674
1.416	-0.742
1.512	-0.742
1.604	-0.804
1.697	-0.778
1.782	-0.817
1.901	-0.788
1.982	-0.765
2.065	-0.847
2.143	-0.809
2.223	-0.898
2.328	-0.855
2.402	-0.920
2.474	-0.858
2.549	-0.861
2.621	-0.840
2.721	-0.913
2.789	-0.812
2.860	-0.847
2.929	-0.854
2.997	-0.857
3.092	-0.890
3.162	-0.901
3.227	-0.910
3.293	-0.898
3.358	-0.831
3.455	-0.919
3.519	-0.917
3.585	-0.904
3.651	-0.988
3.715	-0.849
3.809	-0.908
3.874	-0.860
3.940	-0.862
4.004	-0.906
4.070	-0.903
4.160	-0.898
4.224	-0.873
4.288	-0.831
4.354	-0.890
4.417	-0.873
4.511	-0.818
4.572	-0.899
4.637	-0.835
4.702	-0.872
4.765	-0.798
4.857	-0.811
4.920	-0.851
4.983	-1.754
5.047	-0.889
5.113	-0.801
5.204	-0.798
5.268	-0.784
5.330	-0.819
5.396	-0.722
5.459	-0.879
5.550	-0.972
5.612	-0.937
5.677	-0.927
5.743	-0.903
5.805	-0.836
5.895	-0.967
5.959	-0.960
6.025	-0.870
6.089	-0.931
6.153	-1.032
6.244	-0.971
6.307	-0.967
6.370	-0.983
6.433	-0.941
6.497	-0.963
6.590	-0.994
6.652	-0.982
6.716	-0.846
6.782	-0.942
6.843	-0.988
6.933	-1.049
6.999	-0.967
7.061	-0.949
7.125	-0.961
7.190	-1.026
7.278	-1.009
7.343	-0.987
7.407	-0.976
7.471	-1.062
7.534	-0.984
7.627	-1.020
7.689	-0.956
7.753	-1.059
7.817	-1.026
7.881	-1.006
7.972	-1.106
8.035	-1.040
8.100	-1.082
8.162	-1.064
8.225	-1.055
8.318	-1.040
8.383	-1.027
8.446	-1.006
8.510	-1.112
8.570	-1.067
8.660	-1.040
8.724	-1.051
8.787	-1.102
8.855	-1.057
8.918	-1.067
9.008	-1.094
9.072	-1.045
9.136	-1.044
9.199	-1.053
9.264	-1.076
9.355	-1.070
9.420	-1.061
9.484	-1.062
9.545	-0.950
9.610	-1.072
9.699	-1.044
9.766	-0.971
9.829	-1.065
9.891	-0.916
9.952	-1.045
10.043	-1.055
10.110	-1.038
10.174	-1.073
10.236	-1.003
10.301	-1.003
10.392	-1.108
10.452	-1.036
10.515	-1.050
10.581	-1.051
10.644	-1.062
10.737	-1.141
10.800	-1.008
10.863	-1.026
10.925	-1.063
10.990	-1.100
11.080	-1.023
11.144	-1.091
11.209	-0.846
11.273	-1.113
11.335	-1.032
11.425	-1.027
11.491	-1.118
11.554	-0.985
11.617	-1.095
11.681	-1.098
11.770	-0.992
11.834	-1.140
11.898	-1.046
11.963	-1.174
12.027	-1.143
12.117	-1.102
12.180	-1.040
12.242	-1.162
12.307	-1.012
12.372	-1.149
12.465	-1.105
12.526	-1.157
12.591	-1.134
12.652	-1.065
12.717	-1.120
12.806	-1.128
12.872	-1.145
12.934	-1.161
13.000	-1.124
13.063	-1.058
13.152	-1.120
13.215	-1.104
13.280	-1.054
13.346	-1.094
13.410	-1.121
13.500	-1.048
13.561	-1.086
13.626	-1.126
13.688	-1.110
13.752	-1.152
13.844	-1.106
13.907	-1.127
13.971	-1.088
14.034	-1.127
14.098	-1.136
14.191	-1.100
14.254	-1.167
14.318	-1.069
14.382	-1.141
14.443	-1.085
14.535	-1.111
14.598	-1.043
14.663	-1.124
14.726	-1.130
14.791	-1.134
14.881	-1.066
14.944	-1.107
15.008	-1.149
15.072	-1.100
15.136	-1.113
15.225	-1.030
15.290	-1.108
15.352	-1.159
15.416	-1.097
15.479	-1.103
15.571	-1.122
15.635	-1.135
15.698	-1.103
15.762	-1.048
15.823	-1.150
15.915	-1.039
15.978	-1.121
16.044	-1.042
16.107	-1.133
16.172	-1.110
16.261	-1.028
16.324	-1.174
16.387	-1.064
16.452	-1.076
16.515	-1.076
16.607	-1.033
16.671	-1.133
16.732	-1.058
16.798	-1.155
16.860	-1.020
16.952	-1.058
17.014	-1.022
17.079	-1.108
17.142	-1.082
17.205	-1.068
17.297	-1.086
17.362	-1.077
17.425	-1.077
17.489	-1.052
17.552	-1.056
17.641	-1.058
17.704	-1.113
17.769	-1.069
17.833	-1.088
17.897	-1.041
17.987	-1.020
18.050	-1.092
18.113	-1.052
18.175	-1.049
18.240	-1.029
18.333	-0.968
18.396	-1.091
18.458	-1.083
18.521	-1.052
18.586	-0.978
18.676	-1.018
18.740	-1.013
18.805	-1.107
18.868	-1.012
18.931	-1.014
19.023	-1.029
19.086	-1.043
19.148	-1.030
19.213	-0.974
19.277	-1.021
19.368	-1.058
19.432	-0.991
19.494	-1.021
19.558	-0.973
19.624	-1.006
19.713	-1.015
19.776	-1.017
19.840	-0.933
19.904	-0.986
19.966	-0.956
20.060	-0.895
20.122	-1.035
20.187	-0.926
20.249	-0.983
20.313	-0.912
20.402	-0.773
20.468	-0.972
20.532	-0.918
20.595	-0.988
20.649	-0.910
20.736	-0.924
20.801	-0.866
20.867	-0.913
20.930	-0.852
20.993	-0.880
21.084	-0.883
21.148	-0.820
21.210	-0.903
21.274	-0.801
21.338	-0.787
21.430	-0.851
21.492	-0.773
21.557	-0.843
21.618	-0.771
21.681	-0.818
21.771	-0.738
21.838	-0.710
21.903	-0.717
21.966	-0.756
22.027	-0.756
22.118	-0.737
22.181	-0.762
22.244	-0.694
22.310	-0.743
22.372	-0.650
22.463	-0.619
22.526	-0.615
22.590	-0.582
22.654	-0.637
22.718	-0.602
22.809	-0.592
22.874	-0.564
22.936	-0.502
22.999	-0.502
23.062	-0.531
23.152	-0.473
23.217	-0.386
23.281	-0.438
23.344	-0.333
23.408	-0.415
23.497	-0.400
23.560	-0.267
23.625	-0.306
23.690	-0.276
23.753	-0.327
23.843	-0.208
23.907	-0.252
23.970	-0.221
24.033	-0.128
24.100	-0.083
24.189	-0.166
24.253	-0.086
24.317	-0.105
24.377	0.126
24.442	-0.061
24.533	0.042
24.597	0.010
24.661	0.125
24.725	0.139
24.786	0.103
24.875	0.129
24.941	0.149
25.005	0.212
25.068	0.276
25.131	0.234
25.222	0.301
25.275	0.349
25.336	0.394
25.400	0.423
25.466	0.482
25.555	0.526
25.622	0.702
25.682	0.719
25.744	0.726
25.809	0.612
25.900	0.754
25.964	0.826
26.029	0.812
26.091	0.812
26.156	0.900
26.246	1.071
26.312	1.063
26.375	1.273
26.440	1.065
26.503	1.233
26.591	1.231
26.656	1.288
26.717	1.319
26.783	1.367
26.846	1.461
26.938	1.437
26.999	1.547
27.063	1.650
27.125	1.692
27.189	1.674
27.281	1.767
27.345	1.886
27.409	1.947
27.471	2.038
27.533	2.053
27.624	2.146
27.689	2.192
27.751	2.319
27.816	2.321
27.880	2.413
27.970	2.502
28.034	2.825
28.096	2.600
28.162	2.691
28.224	2.834
28.315	2.925
28.376	3.823
28.441	3.015
28.504	3.068
28.569	3.125
28.660	3.329
28.724	3.427
28.786	3.498
28.848	3.519
28.912	3.669
29.002	3.859
29.065	3.851
29.132	3.968
29.195	4.118
29.256	4.131
29.346	4.338
29.410	4.387
29.476	4.539
29.539	4.680
29.603	4.899
29.693	4.966
29.755	5.098
29.819	5.192
29.883	5.312
29.948	5.562
30.038	5.548
30.102	6.198
30.164	5.804
30.227	5.915
30.291	6.108
30.383	6.320
30.445	6.419
30.508	6.640
30.572	6.816
30.634	6.966
30.725	7.189
30.788	7.579
30.853	7.398
30.917	7.585
30.972	7.995
31.060	7.992
31.123	8.200
31.189	8.315
31.250	8.474
31.316	8.757
31.406	8.941
31.469	9.173
31.532	9.240
31.594	9.834
31.658	9.708
31.752	10.074
31.815	10.182
31.877	10.393
31.939	10.665
32.001	10.907
32.093	11.170
32.158	11.504
32.221	11.672
32.285	11.756
32.348	12.054
32.438	12.415
