Current	VoltageA (50mV/1000A)	uV-0.024	-1.065
-0.024	-1.085
-0.025	-1.079
-0.024	-1.075
-0.024	-1.064
-0.025	-1.077
-0.024	-1.074
-0.024	-1.079
-0.024	-1.042
-0.024	-1.059
-0.024	-1.064
-0.024	-1.053
-0.024	-1.066
-0.024	-1.063
-0.024	-1.088
-0.024	-1.068
-0.024	-1.073
-0.024	-1.078
-0.024	-1.088
-0.024	-1.078
-0.025	-1.095
-0.024	-1.086
-0.024	-1.062
-0.024	-1.068
-0.024	-1.061
-0.024	-1.075
-0.024	-1.075
-0.024	-1.089
-0.024	-1.085
-0.024	-1.074
-0.024	-1.069
-0.024	-1.075
-0.025	-0.835
0.352	1.032
0.906	-0.113
1.353	-0.142
1.653	-0.200
1.941	-0.198
2.226	-0.215
2.498	-0.254
2.880	-0.234
3.140	-0.278
3.394	-0.310
3.645	-0.292
3.888	-0.337
4.232	-0.333
4.489	-0.358
4.736	-0.382
4.966	-0.462
5.195	-0.443
5.517	-0.500
5.740	-0.516
5.961	-0.532
6.179	-0.517
6.403	-0.538
6.714	-0.504
6.928	-0.534
7.145	-0.550
7.358	-0.580
7.574	-0.563
7.877	-0.626
8.089	-0.607
8.302	-0.671
8.513	-0.576
8.724	-0.582
9.022	-0.553
9.248	-0.601
9.471	-0.538
9.682	-0.548
9.890	-0.575
10.190	-0.342
10.397	-0.586
10.604	-0.600
10.811	-0.634
11.019	-0.501
11.316	-0.516
11.524	-0.598
11.733	-0.628
11.938	-0.568
12.145	-0.631
12.441	-0.572
12.662	-0.443
12.884	-0.622
13.090	-0.540
13.298	-0.606
13.593	-0.591
13.798	-0.494
14.005	-0.575
14.211	-0.522
14.418	-0.546
14.728	-0.522
14.949	-0.584
15.157	-0.617
15.363	-0.631
15.569	-0.552
15.866	-0.536
16.072	-0.535
16.277	-0.550
16.483	-0.535
16.689	-0.451
16.985	-0.553
17.192	-0.610
17.399	-0.554
17.605	-0.500
17.810	-0.561
18.104	-0.628
18.310	-0.543
18.516	-0.578
18.724	-0.468
18.929	-0.578
19.224	-0.540
19.428	-0.583
19.635	-0.584
19.841	-0.570
20.046	-0.586
20.341	-0.532
20.549	-0.622
20.756	-0.471
20.960	-0.504
21.166	-0.615
21.462	-0.581
21.669	-0.648
21.873	-0.676
22.081	-0.642
22.288	-0.475
22.580	-0.665
22.785	-0.658
22.995	-0.659
23.200	-0.578
23.404	-0.680
23.698	-0.640
23.905	-0.620
24.111	-0.632
24.318	-0.577
24.523	-0.615
24.816	-0.632
25.024	-0.663
25.230	-0.688
25.436	-0.708
25.642	-0.683
25.937	-0.696
26.142	-0.704
26.348	-0.727
26.555	-0.721
26.762	-0.780
27.054	-0.687
27.260	-0.797
27.466	-0.740
27.672	-0.762
27.877	-0.774
28.172	-0.758
28.377	-0.713
28.583	-0.750
28.789	-0.807
28.997	-0.729
29.290	-0.790
29.497	-0.767
29.703	-0.741
29.908	-0.766
30.114	-0.776
30.408	-0.690
30.628	-0.680
30.850	-0.773
31.055	-0.787
31.260	-0.754
31.554	-0.762
31.774	-0.750
31.996	-0.709
32.200	-0.764
32.407	-0.725
32.701	-0.757
32.907	-0.670
33.112	-0.730
33.319	-0.762
33.522	-0.758
33.817	-0.746
34.023	-0.719
34.227	-0.767
34.433	-0.706
34.636	-0.705
34.933	-0.613
35.138	-0.762
35.342	-0.698
35.549	-0.674
35.752	-0.697
36.048	-0.709
36.251	-0.756
36.458	-0.749
36.665	-0.711
36.869	-0.684
37.178	-0.732
37.397	-0.675
37.603	-0.743
37.809	-0.700
38.014	-0.652
38.310	-0.709
38.514	-0.669
38.720	-0.712
38.924	-0.682
39.130	-0.689
39.422	-0.697
39.629	-0.674
39.833	-0.681
40.039	-0.732
40.242	-0.679
40.535	-0.698
40.741	-0.662
40.945	-0.683
41.152	-0.658
41.357	-0.643
41.651	-0.670
41.855	-0.672
42.060	-0.643
42.266	-0.679
42.472	-0.714
42.764	-0.636
42.969	-0.692
43.174	-0.615
43.379	-0.698
43.585	-0.649
43.878	-0.654
44.080	-0.661
44.286	-0.626
44.492	-0.675
44.698	-0.638
44.990	-0.616
45.195	-0.695
45.397	-0.655
45.604	-0.667
45.809	-0.742
46.100	-0.709
46.306	-0.660
46.509	-0.609
46.715	-0.753
46.917	-0.697
47.207	-0.746
47.413	-0.672
47.617	-0.695
47.823	-0.774
48.025	-0.701
48.317	-0.757
48.526	-0.678
48.728	-0.689
48.931	-0.707
49.135	-0.762
49.426	-0.780
49.632	-0.768
49.834	-0.740
50.039	-0.720
50.244	-0.689
50.537	-0.746
50.739	-0.686
50.941	-0.773
51.147	-0.756
51.351	-0.771
51.644	-0.759
51.843	-0.713
52.049	-0.794
52.252	-0.735
52.455	-0.730
52.758	-0.694
52.978	-0.738
53.182	-0.731
53.385	-0.713
53.587	-0.753
53.877	-0.750
54.080	-0.683
54.282	-0.687
54.487	-0.774
54.688	-0.789
54.978	-0.694
55.179	-0.819
55.383	-0.742
55.589	-0.660
55.792	-0.722
56.081	-0.743
56.283	-0.738
56.486	-0.764
56.688	-0.729
56.887	-0.717
57.179	-0.747
57.381	-0.782
57.585	-0.760
57.787	-0.778
57.989	-0.760
58.277	-0.764
58.479	-0.807
58.682	-0.810
58.882	-0.774
59.085	-0.719
59.375	-0.741
59.576	-0.892
59.778	-0.701
59.981	-0.740
60.183	-0.775
60.469	-0.785
60.685	-0.715
60.900	-0.748
61.103	-0.682
61.319	-0.762
61.621	-0.740
61.820	-0.763
62.024	-0.752
62.225	-0.725
62.442	-0.736
62.742	-0.744
62.944	-0.694
63.146	-0.771
63.346	-0.643
63.548	-0.746
63.837	-0.688
64.037	-0.674
64.239	-0.779
64.411	-0.731
64.610	-0.685
64.898	-0.724
65.096	-0.713
65.301	-0.643
65.500	-0.740
65.702	-0.724
65.990	-0.755
66.191	-0.713
66.362	-0.721
66.576	-0.715
66.793	-0.664
67.078	-1.015
67.278	-0.657
67.452	-0.677
67.666	-0.683
67.881	-0.722
68.165	-0.701
68.367	-0.639
68.538	-0.724
68.755	-0.749
68.969	-0.746
69.252	-0.700
69.452	-0.370
69.656	-0.824
69.856	-0.765
70.059	-0.664
70.341	-0.809
70.541	-0.810
70.730	-0.665
70.943	-0.698
71.145	-0.647
71.429	-0.680
71.629	-0.724
71.817	-0.652
72.031	-0.597
72.229	-0.646
72.517	-0.638
72.718	-0.754
72.888	-0.702
73.059	-0.570
73.257	-0.727
73.545	-0.664
73.917	-0.785
74.115	-0.668
74.314	-0.612
74.602	-0.602
74.801	-0.616
75.002	-0.560
75.201	-0.624
75.401	-0.585
75.686	-0.612
75.886	-0.540
76.086	-0.578
76.284	-0.619
76.484	-0.616
76.771	-0.615
76.970	-0.587
77.170	-0.569
77.370	-0.604
77.566	-0.594
77.856	-0.481
78.055	-0.549
78.253	-0.550
78.453	-0.577
78.654	-0.550
78.940	-0.620
79.139	-0.560
79.338	-0.294
79.534	-0.437
79.735	-0.648
80.021	-0.626
80.220	-0.531
80.421	-0.558
80.621	-0.523
80.821	-0.462
81.106	-0.538
81.306	-0.622
81.505	-0.614
81.704	-0.427
81.906	-0.432
82.192	-0.582
82.393	-0.467
82.591	-0.535
82.793	-0.479
82.991	-0.519
83.277	-0.409
83.477	-0.449
83.675	-0.419
83.876	-0.474
84.074	-0.497
84.361	-0.471
84.561	-0.448
84.761	-0.457
84.961	-0.335
85.158	-0.179
85.446	-0.364
85.645	-0.463
85.845	-0.455
86.044	-0.375
86.242	-0.357
86.528	-0.366
86.729	-0.265
86.929	-0.345
87.128	-0.366
87.328	-0.322
87.612	-0.277
87.812	-0.167
88.013	-0.229
88.212	-0.278
88.411	-0.298
88.696	-0.221
88.897	-0.252
89.096	-0.195
89.294	-0.175
89.495	-0.261
89.781	-0.223
89.978	-0.225
90.177	-0.256
90.376	-0.183
90.577	-0.158
90.864	-0.125
91.060	-0.187
91.260	-0.154
91.459	-0.155
91.656	-0.147
91.942	-0.103
92.143	-0.067
92.339	-0.171
92.542	-0.152
92.739	-0.122
93.023	-0.192
93.224	-0.148
93.423	-0.034
93.624	-0.067
93.824	-0.006
94.107	0.079
94.306	-0.056
94.505	0.023
94.705	0.010
94.903	0.023
95.187	0.013
95.387	0.154
95.585	0.030
95.785	0.096
95.952	0.089
96.280	0.152
96.511	0.065
96.724	0.202
96.920	0.104
97.121	0.130
97.403	0.195
97.604	0.129
97.800	1.118
98.002	0.160
98.202	0.121
98.485	0.236
98.682	0.224
98.882	0.331
99.081	0.256
99.278	0.363
99.565	0.317
99.765	0.335
99.964	0.368
100.162	0.432
100.363	0.344
100.646	0.458
100.846	0.413
101.045	0.596
101.245	0.582
101.444	0.942
101.727	0.508
101.927	0.555
102.127	0.576
102.327	0.563
102.527	0.695
102.824	0.699
103.037	0.656
103.235	0.617
103.435	0.693
103.634	0.680
103.920	0.800
104.120	1.484
104.319	0.780
104.516	0.662
104.716	0.889
105.000	0.890
105.199	0.950
105.398	1.084
105.598	1.043
105.791	2.099
106.079	1.130
106.278	1.183
106.475	1.190
106.678	1.292
106.877	1.383
107.158	1.418
107.372	1.608
107.597	1.349
107.812	1.623
108.011	1.547
108.298	1.554
108.492	1.711
108.693	1.799
108.892	2.046
109.093	1.754
109.376	1.813
109.576	1.883
109.775	2.022
109.974	2.046
110.174	2.093
110.457	2.266
110.655	2.282
110.855	2.352
111.054	2.413
111.250	2.773
111.535	2.859
111.749	2.495
111.961	2.660
112.159	2.752
112.358	2.793
112.642	2.844
112.839	2.890
113.038	3.072
113.238	3.244
113.434	3.236
113.720	3.290
113.917	3.426
114.116	3.580
114.312	3.633
114.511	3.721
114.796	3.840
115.008	3.824
115.222	4.063
115.422	4.071
115.620	4.157
115.905	4.226
116.102	4.431
116.302	4.568
116.501	4.652
116.700	4.763
116.983	4.828
117.183	5.055
117.381	5.249
117.580	5.314
117.778	5.455
118.062	5.624
118.256	7.903
118.460	6.004
118.662	6.007
118.858	6.291
119.144	6.375
119.355	6.495
119.566	6.731
119.767	6.981
119.964	7.103
120.249	7.320
120.463	7.471
120.675	7.701
120.874	7.854
121.070	8.076
121.356	8.438
121.554	8.469
121.753	8.687
121.947	8.846
122.148	9.057
122.432	9.300
122.630	9.458
122.830	9.824
123.031	9.984
123.229	10.277
