Current	VoltageA (50mV/1000A)	uV-0.023	-1.225
-0.024	-1.229
-0.023	-1.223
-0.023	-1.222
-0.024	-1.216
-0.024	-1.213
-0.023	-1.216
-0.024	-1.202
-0.023	-1.197
-0.023	-1.192
-0.023	-1.180
-0.024	-1.210
-0.023	-1.174
-0.024	-1.200
-0.023	-1.181
-0.024	-1.179
-0.022	-1.182
-0.023	-1.200
-0.023	0.551
0.300	0.207
0.888	0.130
1.204	0.115
1.506	0.066
1.924	0.037
2.208	0.037
2.442	0.022
2.730	-0.010
3.029	-0.003
3.409	-0.123
3.657	-0.070
3.903	-0.017
4.143	-0.105
4.382	-0.044
4.715	-0.161
4.943	-0.164
5.170	-0.266
5.412	-0.303
5.650	-0.348
5.968	-0.430
6.189	-0.413
6.405	-0.389
6.623	-0.510
6.836	-0.370
7.145	-0.503
7.356	-0.549
7.571	-0.483
7.783	-0.544
7.995	-0.503
8.298	-0.481
8.508	-0.508
8.716	-0.517
8.925	-0.546
9.134	-0.470
9.434	-0.491
9.644	-0.428
9.851	-0.554
10.057	-0.493
10.267	-0.541
10.562	-0.515
10.770	-0.179
10.976	-0.496
11.184	-0.484
11.373	-0.188
11.685	-0.396
11.890	-0.457
12.099	-0.391
12.304	-0.256
12.513	-0.475
12.806	-0.437
13.013	-0.401
13.219	-0.545
13.425	-0.453
13.631	-0.423
13.924	-0.347
14.130	-0.454
14.337	-0.427
14.542	-0.441
14.748	-0.415
15.042	-0.395
15.248	-0.325
15.453	-0.420
15.660	-0.339
15.863	-0.423
16.160	-0.444
16.363	-0.512
16.587	-0.381
16.804	-0.498
17.011	-0.535
17.306	-0.583
17.511	-0.488
17.731	-0.460
17.951	-0.443
18.155	-0.536
18.451	-0.502
18.655	-0.433
18.861	-0.479
19.067	-0.401
19.274	-0.514
19.567	-0.506
19.772	-0.352
19.977	-0.530
20.185	-0.515
20.373	-0.471
20.683	-0.594
20.888	-0.535
21.108	-0.613
21.312	-0.660
21.548	-0.530
21.856	-0.644
22.060	-0.591
22.266	-0.647
22.473	-0.641
22.678	-0.678
22.971	-0.677
23.354	-0.679
23.556	-0.727
23.761	-0.688
24.056	-0.750
24.264	-0.676
24.466	-0.685
24.674	-0.670
24.877	-0.781
25.172	-0.681
25.376	-0.738
25.583	-0.782
25.787	-0.685
25.993	-0.727
26.288	-0.572
26.493	-0.690
26.699	-0.691
26.901	-0.742
27.107	-0.639
27.402	-0.822
27.607	-0.737
27.813	-0.792
28.017	-0.726
28.224	-0.722
28.516	-0.741
28.722	-0.824
28.927	-0.821
29.132	-0.774
29.335	-0.758
29.628	-0.738
29.832	-0.751
30.039	-0.740
30.243	-0.756
30.419	-0.734
30.740	-0.767
30.947	-0.766
31.151	-0.811
31.355	-0.683
31.560	-0.709
31.856	-0.779
32.059	-0.840
32.265	-0.808
32.468	-0.806
32.675	-0.703
32.967	-0.623
33.190	-0.801
33.406	-0.740
33.614	-0.818
33.818	-0.805
34.111	-0.855
34.315	-0.799
34.520	-0.702
34.725	-0.844
34.928	-0.688
35.222	-0.783
35.428	-0.788
35.631	-0.750
35.836	-0.782
36.040	-0.679
36.348	-0.758
36.565	-0.766
36.769	-0.786
36.974	-0.718
37.180	-0.704
37.471	-0.682
37.679	-0.685
37.883	-0.755
38.088	-0.756
38.293	-0.745
38.585	-0.715
38.789	-0.743
38.994	-0.670
39.200	-0.725
39.405	-0.761
39.697	-0.802
39.903	-0.839
40.104	-0.769
40.311	-0.677
40.514	-0.807
40.808	-0.685
41.010	-0.814
41.213	-0.901
41.422	-0.748
41.626	-0.751
41.916	-0.820
42.121	-0.770
42.324	-0.744
42.532	-0.851
42.735	-0.857
43.025	-0.717
43.229	-0.798
43.437	-0.742
43.637	-0.752
43.845	-0.764
44.134	-0.853
44.355	-0.698
44.571	-0.782
44.777	-0.678
44.975	-0.750
45.271	-0.752
45.474	-0.766
45.678	-0.710
45.880	-0.752
46.087	-0.753
46.378	-0.724
46.577	-0.602
46.784	-0.756
46.987	-0.770
47.187	-0.692
47.481	-0.690
47.682	-0.775
47.889	-0.773
48.091	-0.707
48.296	-0.766
48.587	-0.702
48.791	-0.647
48.994	-0.701
49.196	-0.702
49.401	-0.646
49.693	-0.639
49.892	-0.626
50.097	-0.606
50.304	-0.675
50.504	-0.517
50.793	-0.666
50.996	-0.712
51.201	-0.498
51.403	-0.661
51.608	-0.702
51.897	-0.655
52.101	-0.649
52.302	-0.566
52.505	-0.586
52.707	-0.551
52.997	-0.587
53.198	-0.500
53.402	-0.532
53.602	-0.549
53.807	-0.570
54.097	-0.509
54.298	-0.450
54.499	-0.459
54.701	-0.511
54.904	-0.497
55.194	-0.493
55.396	-0.402
55.598	-0.383
55.797	-0.498
56.002	-0.414
56.289	-0.412
56.506	-0.336
56.719	-0.438
56.926	-0.305
57.125	-0.351
57.414	-0.433
57.614	-0.338
57.819	-0.332
58.020	-0.303
58.221	-0.329
58.521	-0.196
58.737	-0.237
58.938	-0.076
59.140	-0.176
59.342	-0.142
59.628	0.074
59.828	-0.191
60.031	-0.097
60.231	-0.130
60.433	-0.168
60.721	0.094
60.938	-0.077
61.151	0.069
61.353	0.011
61.566	0.163
61.869	0.051
62.083	0.051
62.298	0.050
62.496	0.196
62.715	0.629
63.016	0.237
63.214	0.320
63.415	0.428
63.618	0.355
63.817	0.449
64.105	0.371
64.300	0.524
64.504	0.551
64.703	0.587
64.903	0.578
65.188	0.768
65.392	0.817
65.591	0.928
65.792	0.920
65.990	1.029
66.278	1.119
66.477	1.082
66.678	1.227
66.880	1.316
67.076	1.363
67.365	1.517
67.563	1.662
67.762	1.644
67.959	1.802
68.164	1.921
68.447	1.944
68.650	2.037
68.847	2.442
69.049	2.225
69.247	2.319
69.532	2.419
69.732	2.568
69.930	2.615
70.132	2.813
70.331	2.958
70.647	3.117
70.845	3.386
71.043	3.451
71.242	3.866
71.442	3.647
71.726	3.864
71.924	4.012
72.126	4.208
72.326	4.310
72.525	4.487
72.821	4.281
73.040	4.929
73.237	5.168
73.434	5.241
73.636	5.428
73.922	5.613
74.117	5.890
74.319	6.180
74.517	6.491
74.714	6.508
75.001	6.658
75.199	6.878
75.401	7.160
75.598	7.449
75.799	7.661
76.080	7.814
76.282	8.171
76.480	8.442
76.681	8.664
76.878	9.613
77.163	9.124
77.361	9.537
77.561	9.779
77.758	10.278
77.961	10.443
78.241	10.685
78.443	11.402
78.638	11.609
78.839	11.899
79.040	12.390
79.323	12.608
79.522	13.242
79.722	13.615
79.921	14.052
