Current	VoltageA (50mV/1000A)	uV-0.027	-3.339
-0.027	-3.335
-0.028	-3.340
-0.027	-3.362
-0.027	-3.366
-0.028	-3.343
-0.027	-3.332
-0.028	-3.325
-0.027	-3.338
-0.027	-3.370
-0.028	-3.345
-0.027	-3.357
-0.027	-3.351
-0.027	-3.334
-0.027	-3.308
-0.028	-3.305
-0.027	-3.335
-0.028	-3.349
-0.027	-3.333
-0.027	-3.369
-0.028	-3.359
-0.028	-3.350
-0.027	-1.892
0.300	-1.330
0.667	-2.218
0.854	-2.343
1.031	-2.325
1.204	-2.390
1.366	-2.504
1.588	-2.407
1.738	-2.504
1.884	-2.608
2.025	-2.481
2.164	-2.538
2.353	-2.505
2.483	-2.555
2.608	-2.672
2.732	-2.631
2.856	-2.592
3.026	-2.571
3.146	-2.631
3.262	-2.512
3.377	-2.621
3.489	-2.572
3.651	-2.651
3.763	-2.642
3.875	-2.693
3.982	-2.689
4.089	-2.544
4.252	-0.611
4.368	-2.680
4.475	-2.606
4.583	-2.682
4.687	-2.425
4.838	-2.501
4.944	-2.496
5.050	-2.701
5.154	-2.540
5.258	-2.589
5.408	-2.620
5.511	-2.488
5.613	-2.403
5.718	-2.422
5.820	-2.365
5.969	-2.507
6.074	-2.597
6.178	-2.629
6.279	-2.369
6.383	-2.508
6.537	-2.454
6.650	-2.678
6.750	-2.623
6.854	-2.512
6.956	-2.578
7.104	-2.603
7.203	-1.819
7.308	-2.476
7.409	-2.284
7.515	-2.712
7.661	-2.074
7.763	-2.637
7.865	-2.450
7.967	-2.693
8.071	-2.254
8.218	-2.392
8.321	-2.747
8.423	-2.390
8.526	-2.264
8.628	-2.284
8.773	-2.007
8.876	-2.600
8.978	-2.013
9.080	-2.514
9.182	-2.665
9.326	-2.243
9.432	-2.376
9.533	-2.199
9.635	-2.588
9.738	-2.599
9.884	-2.103
9.987	-2.123
10.090	-2.501
10.190	-2.470
10.294	-2.601
10.441	-2.469
10.543	-2.433
10.644	-2.156
10.747	-2.515
10.847	-2.023
10.993	-2.432
11.096	-2.402
11.198	-2.616
11.302	-2.309
11.405	-2.132
11.550	-2.273
11.652	-2.200
11.755	-2.485
11.858	-2.354
11.960	-2.378
12.105	-2.453
12.208	-2.245
12.309	-2.316
12.412	-2.239
12.515	-2.270
12.661	-2.117
12.763	-2.439
12.864	-2.496
12.968	-2.008
13.069	-2.454
13.214	-2.204
13.317	-2.324
13.419	-2.482
13.524	-2.310
13.625	-2.458
13.771	-2.006
13.873	-2.243
13.975	-2.451
14.078	-2.178
14.179	-2.238
14.324	-2.359
14.427	-2.042
14.530	-2.482
14.632	-1.987
14.734	-2.023
14.879	-2.141
14.983	-2.230
15.084	-2.279
15.187	-2.307
15.288	-2.419
15.434	-2.046
15.537	-1.938
15.639	-1.993
15.741	-2.349
15.843	-2.023
15.990	-2.043
16.092	-2.158
16.194	-2.138
16.295	-3.739
16.401	-1.900
16.545	-2.469
16.646	-2.081
16.748	-2.445
16.851	-2.336
16.954	-2.319
17.098	-2.247
17.202	-2.192
17.305	-2.311
17.407	-2.099
17.510	-2.282
17.661	-2.001
17.771	-2.473
17.875	-2.109
17.975	-2.016
18.077	-2.083
18.226	-2.441
18.327	-2.501
18.429	-2.086
18.530	-1.997
18.633	-2.289
18.778	-2.131
18.879	-2.416
18.981	-2.054
19.084	-2.441
19.187	-2.101
19.333	-2.070
19.435	-2.238
19.536	-2.375
19.639	-2.198
19.740	-2.258
19.885	-2.381
19.988	-1.937
20.092	-2.131
20.195	-2.291
20.294	-1.620
20.442	-1.972
20.543	-1.840
20.646	-2.283
20.748	-1.703
20.850	-2.121
20.998	-1.728
21.098	-1.598
21.199	-2.237
21.303	-4.696
21.407	-2.361
21.551	-2.143
21.653	-2.275
21.755	-1.628
21.857	-1.683
21.960	-1.581
22.105	-2.195
22.207	-1.548
22.308	-2.114
22.410	-2.224
22.512	-2.046
22.658	-1.074
22.760	-1.706
22.863	-0.966
22.966	-1.730
23.066	-1.422
23.213	-0.916
23.315	-1.922
23.416	-1.194
23.518	-2.069
23.622	-1.804
23.767	-2.137
23.868	-1.924
23.969	-2.242
24.073	-2.135
24.175	-2.241
24.320	-2.202
24.422	-2.233
24.525	-2.273
24.628	-2.230
24.728	-2.323
24.874	-2.225
24.978	-2.235
25.079	-2.180
25.182	-2.193
25.284	-2.174
25.429	-2.231
25.530	-2.163
25.633	-2.214
25.737	-2.091
25.837	-2.114
25.983	-2.171
26.086	-2.045
26.188	-2.066
26.288	-1.941
26.389	-2.076
26.537	-2.023
26.638	-2.096
26.740	-1.928
26.842	-2.072
26.944	-1.966
27.089	-1.989
27.193	-1.972
27.294	-1.859
27.396	-1.928
27.498	-1.856
27.643	-1.829
27.747	-1.806
27.848	-1.759
27.952	-1.781
28.052	-1.871
28.198	-1.760
28.300	-1.657
28.403	-1.711
28.504	-1.686
28.605	-1.709
28.757	-1.637
28.866	-1.664
28.970	-1.650
29.071	-1.469
29.172	-1.589
29.319	-1.581
29.420	-1.510
29.523	-1.527
29.625	-1.528
29.728	-1.406
29.872	-1.454
29.975	-1.447
30.075	-1.411
30.178	-1.438
30.280	-1.347
30.424	-1.285
30.527	-1.231
30.628	-1.341
30.732	-1.232
30.833	-1.451
30.978	-1.268
31.080	-1.049
31.181	-1.227
31.284	-1.151
31.386	-1.160
31.531	-1.158
31.632	-1.012
31.734	-1.060
31.836	-1.102
31.940	-1.075
32.083	-1.005
32.187	-0.957
32.288	-0.961
32.390	-0.893
32.490	-0.902
32.637	-0.930
32.737	-0.880
32.838	-0.790
32.942	-0.838
33.045	-0.771
33.190	-0.794
33.292	-0.715
33.393	-0.780
33.494	-0.725
33.597	-0.728
33.750	-0.610
33.859	-0.586
33.960	-0.769
34.061	-0.546
34.164	-0.565
34.310	-0.540
34.413	-0.415
34.513	-0.375
34.616	-0.431
34.718	-0.449
34.860	-0.375
34.962	-0.448
35.066	-0.289
35.169	-0.068
35.270	-0.150
35.417	-0.066
35.521	-0.128
35.619	-0.095
35.720	0.002
35.824	-0.188
35.969	0.059
36.069	0.237
36.171	0.219
36.276	0.091
36.378	0.250
36.522	0.723
36.626	0.351
36.727	0.349
36.829	0.403
36.929	0.555
37.076	0.553
37.177	0.726
37.278	0.680
37.378	0.797
37.481	1.024
37.627	1.129
37.729	1.321
37.831	1.377
37.934	1.596
38.033	2.008
38.180	1.931
38.282	2.343
38.383	2.456
38.484	2.750
38.586	2.978
38.730	3.191
38.833	3.600
38.931	3.923
39.036	4.301
39.137	4.656
39.282	5.048
39.383	5.739
39.485	6.134
39.587	7.455
39.690	7.126
39.834	7.649
39.936	8.344
40.038	9.130
40.139	9.786
40.240	10.518
40.385	11.072
40.487	12.170
