Current	VoltageA (50mV/1000A)	uV-0.027	-2.610
-0.027	-2.659
-0.026	-2.692
-0.027	-2.659
-0.027	-2.644
-0.027	-2.635
-0.027	-2.610
-0.027	-2.592
-0.027	-2.619
-0.027	-2.612
-0.027	-2.638
-0.026	-2.633
-0.027	-2.634
-0.027	-2.647
-0.026	-2.637
-0.027	-2.621
-0.027	-2.630
-0.027	-2.594
-0.027	-2.628
-0.027	-2.640
-0.027	-2.637
-0.027	-2.660
-0.026	-2.642
-0.026	-2.621
-0.026	-2.631
-0.027	-2.599
0.410	0.641
1.419	-1.287
1.863	-1.269
2.296	-1.345
2.717	-1.343
3.130	-1.384
3.705	-1.294
4.098	-1.381
4.488	-1.291
4.870	-1.406
5.247	-1.396
5.777	-1.322
6.145	-1.311
6.509	-1.474
6.871	-1.435
7.228	-1.290
7.734	-0.999
8.087	-1.098
8.438	-1.036
8.785	-1.103
9.132	-0.928
9.623	-0.834
9.965	-1.379
10.308	-0.805
10.650	-1.248
10.987	-1.187
11.473	-0.954
11.811	-1.013
12.147	-0.995
12.484	-1.098
12.821	-0.745
13.300	-1.356
13.635	-1.293
13.971	-0.967
14.304	-1.245
14.638	-0.992
15.114	-1.165
15.448	-1.033
15.783	-0.921
16.115	-0.927
16.447	-1.366
16.924	-1.086
17.257	-0.986
17.589	-1.206
17.921	-1.045
18.253	-0.954
18.729	-0.915
19.056	-1.131
19.390	-0.816
19.722	-0.913
20.054	-1.015
20.527	-1.052
20.858	-0.989
21.190	-1.071
21.520	-1.276
21.852	-0.544
22.326	-0.983
22.657	-0.665
22.988	-0.927
23.320	-0.822
23.651	-1.285
24.123	-2.316
24.454	-0.919
24.785	-1.166
25.117	-1.008
25.447	-1.074
25.919	-0.977
26.250	-1.215
26.581	-0.933
26.911	-1.120
27.242	-1.005
27.715	-1.088
28.046	-1.137
28.376	-1.229
28.706	-1.133
29.038	-1.236
29.510	-1.245
29.841	-1.266
30.169	-1.463
30.503	-1.360
30.831	-1.302
31.304	-1.348
31.636	-1.397
31.964	-1.547
32.296	-1.331
32.626	-1.301
33.095	-1.371
33.427	-1.360
33.758	-1.171
34.089	-1.363
34.417	-1.517
34.890	-1.264
35.219	-1.348
35.550	-1.591
35.879	-1.662
36.208	-1.507
36.679	-1.467
37.010	-1.542
37.337	-1.397
37.670	-1.521
37.999	-1.283
38.470	-1.558
38.801	-1.728
39.130	-1.769
39.458	-1.748
39.788	-1.693
40.259	-1.813
40.589	-1.715
40.919	-1.623
41.248	-1.422
41.579	-1.660
42.047	-1.457
42.376	-1.666
42.706	-1.551
43.035	-1.807
43.364	-1.796
43.833	-1.697
44.159	-1.765
44.491	-1.653
44.818	-1.791
45.146	-1.706
45.616	-1.851
45.947	-2.031
46.272	-1.782
46.602	-1.671
46.931	-1.709
47.399	-1.606
47.726	-1.824
48.051	-1.786
48.379	-1.831
48.710	-1.815
49.176	-1.737
49.504	-1.800
49.831	-1.771
50.161	-1.598
50.486	-1.493
50.953	-1.873
51.279	-1.674
51.605	-1.695
51.930	-1.592
52.257	-1.748
52.723	-1.766
53.051	-1.648
53.378	-1.580
53.703	-1.822
54.030	-1.700
54.497	-1.648
54.821	-1.706
55.145	-1.660
55.469	-1.455
55.794	-1.588
56.260	-1.677
56.584	-1.735
56.910	-1.641
57.235	-1.934
57.562	-1.670
58.023	-1.696
58.347	-1.548
58.674	-1.476
58.994	-1.564
59.317	-1.660
59.784	-1.680
60.103	-1.613
60.427	-1.578
60.752	-1.743
61.076	-1.575
61.538	-1.679
61.861	-1.627
62.184	-1.470
62.506	-1.659
62.829	-1.500
63.292	-1.569
63.613	-1.598
63.936	-1.538
64.260	-1.676
64.583	-1.591
65.042	-1.408
65.366	-1.542
65.690	-1.547
66.012	-1.456
66.332	-1.531
66.793	-1.537
67.115	-1.566
67.437	-1.623
67.759	-1.602
68.083	-1.600
68.540	-1.497
68.864	-1.539
69.185	-1.566
69.507	-1.547
69.828	-1.453
70.289	-1.503
70.609	-1.387
70.930	-1.381
71.250	-1.491
71.573	-1.405
72.034	-1.496
72.354	-1.290
72.677	-1.288
72.998	-1.171
73.318	-1.129
73.777	-1.025
74.098	-0.839
74.420	-0.800
74.741	-0.999
75.061	-0.881
75.520	-0.770
75.839	-0.664
76.162	-0.639
76.482	-0.136
76.804	-0.616
77.262	-0.346
77.582	-0.421
77.904	-0.388
78.225	-0.349
78.544	-0.186
79.003	-0.146
79.323	-0.035
79.643	0.117
79.965	-0.022
80.285	0.328
80.742	0.192
81.064	0.301
81.384	0.439
81.703	0.567
82.024	0.653
82.483	0.658
82.801	0.784
83.123	0.749
83.443	0.875
83.762	0.898
84.217	0.988
84.540	1.118
84.861	0.774
85.178	1.397
85.497	1.374
85.957	1.391
86.278	1.340
86.599	1.588
86.919	1.727
87.239	1.616
87.697	1.732
88.016	1.870
88.335	2.030
88.657	1.687
88.973	2.027
89.433	2.161
89.751	2.137
90.073	2.126
90.391	1.767
90.712	2.233
91.169	2.187
91.488	2.268
91.805	2.300
92.127	2.381
92.446	2.477
92.903	2.515
93.223	2.528
93.542	2.616
93.863	2.735
94.182	2.660
94.639	2.777
94.956	2.391
95.278	2.988
95.598	2.928
95.917	3.020
96.373	2.513
96.694	3.172
97.013	3.202
97.332	3.129
97.652	3.174
98.107	3.587
98.428	3.447
98.748	3.442
99.069	3.628
99.385	3.591
99.841	3.538
100.160	3.503
100.480	3.623
100.801	3.785
101.119	3.745
101.574	3.318
101.893	3.805
102.214	3.929
102.534	4.123
102.854	4.067
103.309	4.099
103.628	4.146
103.947	4.047
104.267	4.274
104.583	4.375
105.039	4.315
105.358	4.420
105.677	4.394
105.996	4.471
106.314	4.483
106.770	4.580
107.091	4.639
107.409	4.615
107.729	4.661
108.047	5.290
108.504	4.854
108.822	4.980
109.141	5.053
109.461	4.999
109.779	5.110
110.233	5.091
110.550	5.412
110.873	5.249
111.193	5.321
111.509	5.362
111.967	5.432
112.286	5.565
112.601	5.449
112.920	5.758
113.241	5.567
113.696	6.331
114.016	5.635
114.336	5.882
114.655	5.948
114.972	6.059
115.427	6.203
115.745	6.107
116.057	6.088
116.378	6.298
116.700	6.424
117.156	6.443
117.476	6.717
117.794	6.854
118.111	6.511
118.431	6.938
118.885	7.224
119.204	7.264
119.524	7.629
119.843	7.674
120.159	7.822
120.615	7.930
120.935	8.194
121.251	8.633
121.571	9.251
121.892	9.949
122.346	11.012
122.663	11.850
122.984	12.755
123.300	13.877
123.618	15.171
124.074	17.175
124.394	19.331
124.711	21.277
67.832	-356.869
